camera_matrix:
- - 1321.8804966583177
  - 0.0
  - 1811.416374605482
- - 0.0
  - 1358.536739545976
  - 1082.8741296951948
- - 0.0
  - 0.0
  - 1.0
dist_coeff:
- - 0.03175108581456746
  - -0.06558802923996035
  - -2.255512176639069e-05
  - -0.0036004210115748976
  - 0.08794375530640036
rvecs:
- - - 0.21249635250357218
  - - -0.24172425992021337
  - - -1.5818908482291858
tvecs:
- - - 0.9866024367635702
  - - 3.3401934901518904
  - - 12.761071955558712
