dask=2022.7.0=py39hecd8cb5_0
dask-core=2022.7.0=py39hecd8cb5_0
numba=0.56.4=py39h07fba90_0
numpy=1.23.5=pypi_0
numpydoc=1.5.0=py39hecd8cb5_0
opencv-python=4.9.0.80=pypi_0
pandas=2.2.2=pypi_0
pandas-stubs=2.2.2.240603=pypi_0
pytest=7.1.2=py39hecd8cb5_0
pytest-html=4.1.1=pypi_0
pytest-metadata=3.1.1=pypi_0
scikit-image=0.19.3=py39hcec6c5f_1
tqdm=4.64.0=py39hecd8cb5_0
types-tqdm=4.66.0.20240417=pypi_0