camera_matrix:
- - 1007.7022386093888
  - 0.0
  - 959.7552281378628
- - 0.0
  - 1007.4515184258906
  - 532.2799046477523
- - 0.0
  - 0.0
  - 1.0
dist_coeff:
- - 0.016840353986946385
  - -0.039764498257379204
  - -0.0023229430338244064
  - -0.0013847212123172668
  - 0.026534652021619653
rvecs:
- - - -0.39627938368225746
  - - -0.37602831776255485
  - - 1.4491041432647822
- - - -0.37628130375309626
  - - -0.47681603075491064
  - - 1.3992225592074885
- - - -0.40215748864054074
  - - -0.3818389482842475
  - - 1.4462441353874769
- - - -0.013362321405555842
  - - -0.06595826799027635
  - - 1.5613486074961613
- - - -0.4123302514536456
  - - -0.4030819946753428
  - - 1.4383678304485832
- - - -0.19406941136026012
  - - -0.2148270677709825
  - - 1.518458547539137
- - - 0.1557072055633598
  - - 0.06267381975914443
  - - 1.6096706132115517
- - - -0.028203732387658408
  - - -0.10660610577370722
  - - 1.5562875385935735
- - - -0.1394294198994799
  - - -0.10486780050639989
  - - 1.5393056132672842
- - - 0.3187963913624627
  - - 0.2865753013539354
  - - 1.6363230412470293
tvecs:
- - - 5.196594320221664
  - - -1.959089111934076
  - - 16.922997115321742
- - - 2.5136476488099624
  - - -2.5746630362933356
  - - 15.563166449995592
- - - 5.226278191845121
  - - -2.0422199489142105
  - - 16.988801010285876
- - - 4.255860872634271
  - - -1.8348637299303512
  - - 13.597729934510792
- - - 5.249448673764222
  - - -2.266427207107395
  - - 17.109702645423774
- - - 6.398868352867681
  - - -1.8551176947906545
  - - 14.473020118473679
- - - 3.2880590093112163
  - - -3.2599877540756093
  - - 9.846523809710186
- - - 8.360064501280753
  - - -5.715486916392297
  - - 14.589224018022676
- - - 3.2591606147266425
  - - -4.227252250700904
  - - 14.517523699748542
- - - -0.1791429431890931
  - - -3.8487052346377104
  - - 10.552972308726279
