camera_matrix:
- - 2747.705763460437
  - 0.0
  - 2691.0614047717777
- - 0.0
  - 2570.605191224505
  - 1410.2444774779253
- - 0.0
  - 0.0
  - 1.0
dist_coeff:
- - 0.02520614192778289
  - -0.05013144752184385
  - -0.0024563147052597896
  - -0.0017175950143851163
  - 0.04722129537395184
rvecs:
- - - 0.07332072611022018
  - - 0.16064745766217237
  - - -1.5547091664027683
- - - 0.08705214626106736
  - - 0.26637591158718404
  - - -1.5333954477844498
- - - 0.028018152295713316
  - - 0.28668780417215817
  - - -1.5264536373549489
- - - -0.026453784363979497
  - - 0.31175658748437574
  - - -1.5174681327654655
- - - 0.27579030968614937
  - - 0.2769536671850388
  - - -1.5432117949180215
- - - 0.09557106880672991
  - - 0.15833758267220538
  - - -1.553165319505636
- - - 0.09905344422483951
  - - 0.1557567397880743
  - - -1.55396265958234
- - - -0.04311545279307405
  - - 0.30872980332900635
  - - -1.5198628378756578
- - - 0.12913443107379127
  - - -0.05596870971702098
  - - 1.5772377004970466
- - - 0.1229187725658852
  - - -0.04690053903455752
  - - 1.5775465146540697
tvecs:
- - - -6.432139726993996
  - - 3.0800785160875837
  - - 23.5791947500637
- - - -3.6996408013943913
  - - 2.456353110115488
  - - 18.742417270780503
- - - -6.518687709718114
  - - 2.5407349075450734
  - - 20.0153786455913
- - - -8.400204262691098
  - - 2.7981629423972083
  - - 21.00179573475187
- - - -2.6067973369045685
  - - 4.095322904358266
  - - 14.101933216235446
- - - -6.34900159325815
  - - 1.9955795804269718
  - - 14.116425238489409
- - - -5.211627029705975
  - - 2.4754441532973024
  - - 10.730964319852882
- - - -8.546632318103725
  - - 3.0533550896298043
  - - 21.144722894044225
- - - 2.986782918723118
  - - -5.541986970993775
  - - 17.051434512731344
- - - 3.121780234253841
  - - -5.686884053541676
  - - 16.751476963171072
